f1: 0.2763370985022235
em: 0.08815804499257737
